The following training was conducted:

C: 1
K: 10
R: 10
E: 3
B: 64
A: 5
A_random: False
ADV_ap: 0
ADV_ba: 0
ADV_bd: 2
ADV_rl: 2
poison_rate: 0.1
optimizer: <class 'torch.optim.adam.Adam'>
criterion: CrossEntropyLoss()
lr: 0.001
data_name: FashionMNIST
shards_each: 2
iid: True
degree_niid: 0.8
flame: True
model: <class 'models.FashionCNN'>
LESS_DATA: 3000
SERVER_TEST_SIZE: 1000
SERVER_TRAIN_SIZE: 10


Information from Client_1:

Signals: ['Update', 'Update', 'Update', 'Update', 'Update', 'Update', 'Update', 'Update', 'Update', 'Update', 'Finish']
Data distribution: [(0, 32), (1, 31), (2, 21), (3, 28), (4, 34), (5, 33), (6, 22), (7, 38), (8, 32), (9, 29)]
Accuracy: [0.6833333333333333, 0.7233333333333334, 0.6566666666666666, 0.76, 0.8033333333333333, 0.7766666666666666, 0.7666666666666667, 0.81, 0.7533333333333333, 0.8266666666666667, 0.4766666666666667]
Loss: [0.9296194195747376, 0.8322494745254516, 0.932766592502594, 0.7344282388687133, 0.595160037279129, 0.6303062558174133, 0.6484829127788544, 0.5672162890434265, 0.6125651597976685, 0.44944538474082946, 1.7628472328186036]
Training acc & loss: [[[1.7432475328445434, 0.53], [1.2638072490692138, 0.6566666666666666], [0.9328222036361694, 0.6833333333333333]], [[1.4993381738662719, 0.5033333333333333], [1.079767656326294, 0.6533333333333333], [0.8107711672782898, 0.7233333333333334]], [[1.464572286605835, 0.5133333333333333], [1.0424317836761474, 0.6433333333333333], [0.9140833497047425, 0.6566666666666666]], [[1.350909447669983, 0.55], [0.9427704572677612, 0.69], [0.7281112790107727, 0.76]], [[0.9493738770484924, 0.72], [0.7947041034698487, 0.7], [0.5959752202033997, 0.8033333333333333]], [[1.2981298208236693, 0.58], [0.7575849294662476, 0.76], [0.623164963722229, 0.7766666666666666]], [[1.1504897832870484, 0.66], [0.7950661897659301, 0.76], [0.6757070302963257, 0.7666666666666667]], [[1.0315870881080627, 0.68], [0.7557520151138306, 0.7466666666666667], [0.5675955653190613, 0.81]], [[1.2909498453140258, 0.6166666666666667], [0.8488089680671692, 0.75], [0.6161054491996765, 0.7533333333333333]], [[0.866372036933899, 0.71], [0.6715757012367248, 0.76], [0.4543120563030243, 0.8266666666666667]]]

Information from Client_2:

Signals: ['Update', 'Update', 'Update', 'Update', 'Update', 'Update', 'Update', 'Update', 'Update', 'Update', 'Finish']
Data distribution: [(0, 30), (1, 23), (2, 34), (3, 33), (4, 38), (5, 31), (6, 22), (7, 37), (8, 24), (9, 28)]
Accuracy: [0.65, 0.6666666666666666, 0.68, 0.7433333333333333, 0.78, 0.7566666666666667, 0.8166666666666667, 0.81, 0.8333333333333334, 0.79, 0.5166666666666667]
Loss: [0.8593971967697144, 0.8147487044334412, 0.7884096503257751, 0.6822715759277344, 0.5934639513492584, 0.6538230299949646, 0.6060828506946564, 0.5555434584617615, 0.5653625011444092, 0.5276932299137116, 1.716914176940918]
Training acc & loss: [[[1.7151579141616822, 0.5333333333333333], [1.2271117925643922, 0.5666666666666667], [0.8604114294052124, 0.65]], [[1.5495539665222169, 0.5333333333333333], [0.9861598014831543, 0.7033333333333334], [0.8256337881088257, 0.6666666666666666]], [[1.4106916189193726, 0.44666666666666666], [0.9884655117988587, 0.7], [0.7638135552406311, 0.68]], [[1.5637583494186402, 0.4533333333333333], [0.9181429624557496, 0.7266666666666667], [0.6821069717407227, 0.7433333333333333]], [[1.095507526397705, 0.5933333333333334], [0.7452342510223389, 0.7666666666666667], [0.5893104791641235, 0.78]], [[1.2054423093795776, 0.5866666666666667], [0.865366542339325, 0.7133333333333334], [0.6707499742507934, 0.7566666666666667]], [[1.7610908031463623, 0.4866666666666667], [0.8395029425621032, 0.73], [0.6181611061096192, 0.8166666666666667]], [[1.2080623030662536, 0.64], [0.8186979293823242, 0.75], [0.5612597823143005, 0.81]], [[1.510330367088318, 0.5333333333333333], [0.7583985686302185, 0.7466666666666667], [0.5770022988319397, 0.8333333333333334]], [[0.9197963118553162, 0.6966666666666667], [0.721163809299469, 0.7833333333333333], [0.5301880180835724, 0.79]]]

Information from Client_3:

Signals: ['Update', 'Update', 'Update', 'Update', 'Update', 'Update', 'Update', 'Update', 'Update', 'Update', 'Finish']
Data distribution: [(0, 22), (1, 33), (2, 29), (3, 28), (4, 43), (5, 31), (6, 28), (7, 28), (8, 26), (9, 32)]
Accuracy: [0.7166666666666667, 0.69, 0.6933333333333334, 0.7566666666666667, 0.77, 0.7033333333333334, 0.7733333333333333, 0.7666666666666667, 0.7933333333333333, 0.8233333333333334, 0.4866666666666667]
Loss: [0.8885162472724915, 0.8332523226737976, 0.802782928943634, 0.7018534898757934, 0.6545778393745423, 0.6325954914093017, 0.6599065899848938, 0.5832318484783172, 0.6087650716304779, 0.5237788617610931, 1.7201753616333009]
Training acc & loss: [[[1.8251920938491821, 0.44333333333333336], [1.3067971229553224, 0.6466666666666666], [0.8954690337181092, 0.7166666666666667]], [[1.6544823408126832, 0.49333333333333335], [1.2964314699172974, 0.5166666666666667], [0.8215445399284362, 0.69]], [[1.1734935998916627, 0.5866666666666667], [0.9805384278297424, 0.6566666666666666], [0.7945764780044555, 0.6933333333333334]], [[1.5323893070220946, 0.4666666666666667], [0.9228073120117187, 0.6733333333333333], [0.7164887309074401, 0.7566666666666667]], [[1.098976767063141, 0.66], [0.7152751743793487, 0.7766666666666666], [0.6598693251609802, 0.77]], [[1.0104286313056945, 0.6333333333333333], [0.6931772828102112, 0.7833333333333333], [0.6457966029644012, 0.7033333333333334]], [[1.0826053261756896, 0.61], [0.7981248021125793, 0.7166666666666667], [0.667372977733612, 0.7733333333333333]], [[1.1469159126281738, 0.6533333333333333], [0.6893389701843262, 0.7466666666666667], [0.6077683806419373, 0.7666666666666667]], [[1.054536235332489, 0.6366666666666667], [0.9074756383895874, 0.6766666666666666], [0.6029759764671325, 0.7933333333333333]], [[1.0639150381088256, 0.6966666666666667], [0.788719630241394, 0.74], [0.5298015177249908, 0.8233333333333334]]]

Information from Client_4:

Signals: ['Update', 'Update', 'Update', 'Update', 'Update', 'Update', 'Update', 'Update', 'Update', 'Update', 'Finish']
Data distribution: [(0, 34), (1, 36), (2, 22), (3, 25), (4, 36), (5, 31), (6, 25), (7, 40), (8, 28), (9, 23)]
Accuracy: [0.7033333333333334, 0.76, 0.76, 0.76, 0.8033333333333333, 0.8266666666666667, 0.7633333333333333, 0.7966666666666666, 0.8433333333333334, 0.83, 0.5066666666666667]
Loss: [0.9011869907379151, 0.758272647857666, 0.6651696681976318, 0.6376468598842621, 0.5773072481155396, 0.5289803266525268, 0.5944510221481323, 0.5774454832077026, 0.4524953722953796, 0.4521311640739441, 1.6979755878448486]
Training acc & loss: [[[1.7378982543945312, 0.37333333333333335], [1.1699599504470826, 0.6766666666666666], [0.8790503144264221, 0.7033333333333334]], [[1.5593538999557495, 0.48333333333333334], [1.1521528124809266, 0.6266666666666667], [0.7634624361991882, 0.76]], [[1.3300677061080932, 0.51], [0.8679165959358215, 0.71], [0.660973173379898, 0.76]], [[1.0429309606552124, 0.6666666666666666], [0.7955223560333252, 0.73], [0.6483035862445832, 0.76]], [[0.8629445672035218, 0.7266666666666667], [0.6831437230110169, 0.77], [0.589938360452652, 0.8033333333333333]], [[1.5534802198410034, 0.5166666666666667], [0.9356801629066467, 0.6733333333333333], [0.5304678499698638, 0.8266666666666667]], [[1.0484180927276612, 0.6733333333333333], [0.8001579403877258, 0.7266666666666667], [0.6084150075912476, 0.7633333333333333]], [[1.1804126143455504, 0.6566666666666666], [0.6947488725185395, 0.7466666666666667], [0.5737206637859344, 0.7966666666666666]], [[0.7793224811553955, 0.7733333333333333], [0.5461951076984406, 0.7933333333333333], [0.44538832306861875, 0.8433333333333334]], [[0.8737865924835205, 0.7133333333333334], [0.7608358144760132, 0.7266666666666667], [0.44292826056480405, 0.83]]]

Information from Client_5:

Signals: ['Update', 'Update', 'Update', 'Update', 'Update', 'Update', 'Update', 'Update', 'Update', 'Update', 'Finish']
Data distribution: [(0, 29), (1, 29), (2, 39), (3, 32), (4, 28), (5, 24), (6, 21), (7, 38), (8, 34), (9, 26)]
Accuracy: [0.6633333333333333, 0.72, 0.7066666666666667, 0.75, 0.77, 0.79, 0.7966666666666666, 0.7866666666666666, 0.84, 0.7766666666666666, 0.47]
Loss: [0.9702227473258972, 0.7569424390792847, 0.7953182220458984, 0.6439060986042022, 0.6484996557235718, 0.5808311820030212, 0.5609310388565063, 0.6314941704273224, 0.4399007439613342, 0.6910905599594116, 1.7422295331954956]
Training acc & loss: [[[1.659745717048645, 0.5166666666666667], [1.3574858903884888, 0.5733333333333334], [0.9593465447425842, 0.6633333333333333]], [[1.669075608253479, 0.41], [1.1194223642349244, 0.6366666666666667], [0.7569072723388672, 0.72]], [[1.3396722793579101, 0.47333333333333333], [0.9985692739486695, 0.6566666666666666], [0.8019375085830689, 0.7066666666666667]], [[1.232093095779419, 0.58], [0.8752780675888061, 0.71], [0.6517879724502563, 0.75]], [[1.6803760528564453, 0.49], [0.8834979057312011, 0.6766666666666666], [0.642101240158081, 0.77]], [[1.4150757312774658, 0.5366666666666666], [0.7357232928276062, 0.7466666666666667], [0.5856027185916901, 0.79]], [[1.0777153730392457, 0.6433333333333333], [0.7404141426086426, 0.7333333333333333], [0.5558844864368438, 0.7966666666666666]], [[1.1034962773323058, 0.6066666666666667], [0.630070436000824, 0.7866666666666666], [0.6013994216918945, 0.7866666666666666]], [[0.8781054139137268, 0.71], [0.5987666249275208, 0.7866666666666666], [0.44321866035461427, 0.84]], [[1.3700989484786987, 0.5766666666666667], [0.7082354307174683, 0.7733333333333333], [0.6675969064235687, 0.7766666666666666]]]

Information from Client_6:

Signals: ['Update', 'Update', 'Update', 'Update', 'Update', 'Update', 'Update', 'Update', 'Update', 'Update', 'Finish']
Data distribution: [(0, 28), (1, 36), (2, 33), (3, 32), (4, 26), (5, 27), (6, 33), (7, 30), (8, 23), (9, 32)]
Accuracy: [0.5766666666666667, 0.7, 0.72, 0.7433333333333333, 0.76, 0.7533333333333333, 0.7766666666666666, 0.79, 0.77, 0.8166666666666667, 0.4266666666666667]
Loss: [0.9710452079772949, 0.7852066397666931, 0.8236508011817932, 0.6605289816856384, 0.6805087566375733, 0.685957384109497, 0.5878877520561219, 0.5747493088245392, 0.595945930480957, 0.5228678822517395, 1.8351748943328858]
Training acc & loss: [[[1.8192835569381713, 0.43333333333333335], [1.2926364421844483, 0.53], [0.9744792103767395, 0.5766666666666667]], [[1.5655977249145507, 0.52], [1.1064483761787414, 0.6333333333333333], [0.7846300601959229, 0.7]], [[1.3148299217224122, 0.5], [1.0440658926963806, 0.64], [0.8141531586647034, 0.72]], [[1.423646593093872, 0.5333333333333333], [0.8381310224533081, 0.7166666666666667], [0.6655958771705628, 0.7433333333333333]], [[1.3700941562652589, 0.5], [0.95158451795578, 0.6933333333333334], [0.6849815368652343, 0.76]], [[1.5122976303100586, 0.51], [0.9746433973312378, 0.61], [0.6981418013572693, 0.7533333333333333]], [[1.1294913053512574, 0.6366666666666667], [0.7494390606880188, 0.75], [0.592717832326889, 0.7766666666666666]], [[1.5043823957443236, 0.55], [0.8908116817474365, 0.6533333333333333], [0.5712015807628632, 0.79]], [[1.5129051446914672, 0.49], [0.8665910601615906, 0.7066666666666667], [0.5893756330013276, 0.77]], [[1.197044813632965, 0.5833333333333334], [0.6935484409332275, 0.7633333333333333], [0.5198118150234222, 0.8166666666666667]]]

Information from Adv_Client_0_backdoor:

Signals: ['Update', 'Update', 'Update', 'Update', 'Update', 'Update', 'Update', 'Update', 'Update', 'Update', 'Finish']
Data distribution: [(0, 27), (1, 41), (2, 28), (3, 30), (4, 26), (5, 30), (6, 33), (7, 24), (8, 30), (9, 31)]
Accuracy: [0.4033333333333333, 0.5433333333333333, 0.61, 0.6733333333333333, 0.6966666666666667, 0.7166666666666667, 0.6633333333333333, 0.7233333333333334, 0.72, 0.7433333333333333, 0.32]
Loss: [1.6847553650538127, 1.392789642016093, 1.183778355518977, 1.051320195198059, 1.0559763511021931, 0.9437719484170278, 1.0106287896633148, 0.8668557107448578, 0.9212744335333506, 0.8879196246465048, 2.254258851210276]
Training acc & loss: [[[2.0648407538731894, 0.31], [1.9334548314412434, 0.4033333333333333], [1.6847553650538127, 0.4033333333333333]], [[1.9249531229337056, 0.35333333333333333], [1.6392536163330078, 0.5033333333333333], [1.392789642016093, 0.5433333333333333]], [[1.9263840913772583, 0.38333333333333336], [1.3806989789009094, 0.5466666666666666], [1.183778355518977, 0.61]], [[1.5824490388234456, 0.56], [1.2006664276123047, 0.6633333333333333], [1.051320195198059, 0.6733333333333333]], [[2.1636855602264404, 0.42333333333333334], [1.3076402346293132, 0.6533333333333333], [1.0559763511021931, 0.6966666666666667]], [[1.6048097014427185, 0.55], [1.060258001089096, 0.7033333333333334], [0.9437719484170278, 0.7166666666666667]], [[1.8365873495737712, 0.5033333333333333], [1.214147796233495, 0.6966666666666667], [1.0106287896633148, 0.6633333333333333]], [[1.7703454891840618, 0.5966666666666667], [1.095474362373352, 0.6966666666666667], [0.8668557107448578, 0.7233333333333334]], [[1.8766928911209106, 0.5333333333333333], [1.2566134730974834, 0.5933333333333334], [0.9212744335333506, 0.72]], [[1.827301561832428, 0.5866666666666667], [1.2897043029467266, 0.6033333333333334], [0.8879196246465048, 0.7433333333333333]]]
Training Acc Benign: []
Training Acc Poison: []

Information from Adv_Client_1_backdoor:

Signals: ['Update', 'Update', 'Update', 'Update', 'Update', 'Update', 'Update', 'Update', 'Update', 'Update', 'Finish']
Data distribution: [(0, 32), (1, 31), (2, 30), (3, 29), (4, 21), (5, 39), (6, 35), (7, 25), (8, 28), (9, 30)]
Accuracy: [0.3933333333333333, 0.57, 0.5666666666666667, 0.61, 0.6333333333333333, 0.6266666666666667, 0.6466666666666666, 0.71, 0.69, 0.7233333333333334, 0.36333333333333334]
Loss: [1.6786519885063171, 1.3842514753341675, 1.3062748511632283, 1.2154641548792522, 1.199368953704834, 1.1353839635849, 1.1462818086147308, 1.0143659611543019, 1.072461764017741, 0.9845399210850397, 2.1179956793785095]
Training acc & loss: [[[2.070934017499288, 0.49], [1.9816462794939678, 0.4], [1.6786519885063171, 0.3933333333333333]], [[1.8559872110684712, 0.4766666666666667], [1.6406708757082622, 0.4533333333333333], [1.3842514753341675, 0.57]], [[1.722250719865163, 0.45], [1.5056690573692322, 0.41], [1.3062748511632283, 0.5666666666666667]], [[1.6535771290461223, 0.5333333333333333], [1.369977871576945, 0.5433333333333333], [1.2154641548792522, 0.61]], [[2.6174108584721885, 0.26], [1.6120526591936748, 0.5133333333333333], [1.199368953704834, 0.6333333333333333]], [[1.8830104271570842, 0.45666666666666667], [1.2824734250704448, 0.6066666666666667], [1.1353839635849, 0.6266666666666667]], [[1.7971240480740864, 0.57], [1.264102319876353, 0.5633333333333334], [1.1462818086147308, 0.6466666666666666]], [[2.011749784151713, 0.45], [1.4184906482696533, 0.53], [1.0143659611543019, 0.71]], [[1.7872933348019917, 0.6266666666666667], [1.269831657409668, 0.6133333333333333], [1.072461764017741, 0.69]], [[2.183523416519165, 0.58], [1.049658368031184, 0.73], [0.9845399210850397, 0.7233333333333334]]]
Training Acc Benign: []
Training Acc Poison: []

Information from Adv_Client_2_random_label:

Signals: ['Update', 'Update', 'Update', 'Update', 'Update', 'Update', 'Update', 'Update', 'Update', 'Update', 'Finish']
Data distribution: [(0, 29), (1, 35), (2, 30), (3, 31), (4, 26), (5, 22), (6, 26), (7, 27), (8, 33), (9, 41)]
Accuracy: [0.18333333333333332, 0.19333333333333333, 0.23, 0.25, 0.2966666666666667, 0.23, 0.31666666666666665, 0.3233333333333333, 0.3466666666666667, 0.41333333333333333, 0.19333333333333333]
Loss: [2.2414480686187743, 2.179652738571167, 2.111698627471924, 2.0937593936920167, 1.9912190914154053, 2.066431427001953, 1.9561192035675048, 1.960801124572754, 1.8726480960845948, 1.7947262048721313, 2.3755273818969727]
Training acc & loss: [[[2.449050521850586, 0.10333333333333333], [2.2492719650268556, 0.13], [2.2414480686187743, 0.18333333333333332]], [[2.4188974857330323, 0.17666666666666667], [2.3321699619293215, 0.12], [2.179652738571167, 0.19333333333333333]], [[2.2928783893585205, 0.16], [2.157500123977661, 0.23], [2.111698627471924, 0.23]], [[2.373487615585327, 0.20666666666666667], [2.1433239459991453, 0.17], [2.0937593936920167, 0.25]], [[2.301332187652588, 0.20666666666666667], [2.064831256866455, 0.23], [1.9912190914154053, 0.2966666666666667]], [[2.535121536254883, 0.13333333333333333], [2.1269837379455567, 0.21666666666666667], [2.066431427001953, 0.23]], [[2.231957197189331, 0.16], [2.0677683353424072, 0.23], [1.9561192035675048, 0.31666666666666665]], [[2.3838845252990724, 0.14666666666666667], [2.023337984085083, 0.27666666666666667], [1.960801124572754, 0.3233333333333333]], [[2.2563174247741697, 0.22], [2.0041035652160644, 0.26], [1.8726480960845948, 0.3466666666666667]], [[2.1838695764541627, 0.2633333333333333], [1.9371819734573363, 0.29333333333333333], [1.7947262048721313, 0.41333333333333333]]]
Training Acc Benign: []
Training Acc Poison: []

Information from Adv_Client_3_random_label:

Signals: ['Update', 'Update', 'Update', 'Update', 'Update', 'Update', 'Update', 'Update', 'Update', 'Update', 'Finish']
Data distribution: [(0, 36), (1, 29), (2, 26), (3, 34), (4, 27), (5, 30), (6, 36), (7, 28), (8, 32), (9, 22)]
Accuracy: [0.14, 0.21666666666666667, 0.2, 0.24, 0.25, 0.25333333333333335, 0.26666666666666666, 0.29333333333333333, 0.32666666666666666, 0.34, 0.17666666666666667]
Loss: [2.245448589324951, 2.153447961807251, 2.1173619270324706, 2.0646464109420775, 2.0181392192840577, 1.9759651184082032, 2.017182445526123, 1.919362235069275, 1.8417633056640625, 1.7855466604232788, 2.2573948383331297]
Training acc & loss: [[[2.409403848648071, 0.13333333333333333], [2.2828701972961425, 0.17666666666666667], [2.245448589324951, 0.14]], [[2.203157329559326, 0.18], [2.16727991104126, 0.12666666666666668], [2.153447961807251, 0.21666666666666667]], [[2.6797637939453125, 0.13666666666666666], [2.221013307571411, 0.18], [2.1173619270324706, 0.2]], [[2.306546211242676, 0.20333333333333334], [2.1181042194366455, 0.21], [2.0646464109420775, 0.24]], [[2.2497353553771973, 0.19], [2.114915943145752, 0.17666666666666667], [2.0181392192840577, 0.25]], [[2.2360606670379637, 0.19333333333333333], [2.0905267238616942, 0.22], [1.9759651184082032, 0.25333333333333335]], [[2.3921353340148928, 0.17], [2.0815327644348143, 0.26], [2.017182445526123, 0.26666666666666666]], [[2.1702404022216797, 0.25], [1.980662751197815, 0.29], [1.919362235069275, 0.29333333333333333]], [[2.1065346240997314, 0.24], [1.943323016166687, 0.3], [1.8417633056640625, 0.32666666666666666]], [[2.1535209894180296, 0.2633333333333333], [1.8777611970901489, 0.3566666666666667], [1.7855466604232788, 0.34]]]
Training Acc Benign: []
Training Acc Poison: []

Information from Server:

Accuracy: [0.328, 0.395, 0.426, 0.458, 0.398, 0.411, 0.403, 0.335, 0.413, 0.478]
TPNP: [['6/6', '4/4'], ['6/6', '4/4'], ['6/6', '4/4'], ['6/6', '4/4'], ['6/6', '4/4'], ['6/6', '4/4'], ['6/6', '4/4'], ['6/6', '4/4'], ['6/6', '4/4'], ['6/6', '4/4']]
S: [9.283203, 8.724922, 8.717046, 8.896921, 9.001032, 9.550997, 9.412296, 9.187328, 9.2996025, 9.329142]
sigma: [0.011766013514451225, 0.01105841926565444, 0.011048436312287831, 0.01127641969808952, 0.011408375025989497, 0.01210542909397059, 0.011929632899306245, 0.011644496833515048, 0.01178679894441759, 0.011824238343567285]

Information from Client_1:

Signals: ['Update', 'Update', 'Update', 'Update', 'Update', 'Update', 'Update', 'Update', 'Update', 'Update', 'Finish', 'Finish']
Data distribution: [(0, 32), (1, 31), (2, 21), (3, 28), (4, 34), (5, 33), (6, 22), (7, 38), (8, 32), (9, 29)]
Accuracy: [0.6833333333333333, 0.7233333333333334, 0.6566666666666666, 0.76, 0.8033333333333333, 0.7766666666666666, 0.7666666666666667, 0.81, 0.7533333333333333, 0.8266666666666667, 0.4766666666666667, 0.4766666666666667]
Loss: [0.9296194195747376, 0.8322494745254516, 0.932766592502594, 0.7344282388687133, 0.595160037279129, 0.6303062558174133, 0.6484829127788544, 0.5672162890434265, 0.6125651597976685, 0.44944538474082946, 1.7628472328186036, 1.7467052459716796]
Training acc & loss: [[[1.7432475328445434, 0.53], [1.2638072490692138, 0.6566666666666666], [0.9328222036361694, 0.6833333333333333]], [[1.4993381738662719, 0.5033333333333333], [1.079767656326294, 0.6533333333333333], [0.8107711672782898, 0.7233333333333334]], [[1.464572286605835, 0.5133333333333333], [1.0424317836761474, 0.6433333333333333], [0.9140833497047425, 0.6566666666666666]], [[1.350909447669983, 0.55], [0.9427704572677612, 0.69], [0.7281112790107727, 0.76]], [[0.9493738770484924, 0.72], [0.7947041034698487, 0.7], [0.5959752202033997, 0.8033333333333333]], [[1.2981298208236693, 0.58], [0.7575849294662476, 0.76], [0.623164963722229, 0.7766666666666666]], [[1.1504897832870484, 0.66], [0.7950661897659301, 0.76], [0.6757070302963257, 0.7666666666666667]], [[1.0315870881080627, 0.68], [0.7557520151138306, 0.7466666666666667], [0.5675955653190613, 0.81]], [[1.2909498453140258, 0.6166666666666667], [0.8488089680671692, 0.75], [0.6161054491996765, 0.7533333333333333]], [[0.866372036933899, 0.71], [0.6715757012367248, 0.76], [0.4543120563030243, 0.8266666666666667]]]

Information from Client_2:

Signals: ['Update', 'Update', 'Update', 'Update', 'Update', 'Update', 'Update', 'Update', 'Update', 'Update', 'Finish', 'Finish']
Data distribution: [(0, 30), (1, 23), (2, 34), (3, 33), (4, 38), (5, 31), (6, 22), (7, 37), (8, 24), (9, 28)]
Accuracy: [0.65, 0.6666666666666666, 0.68, 0.7433333333333333, 0.78, 0.7566666666666667, 0.8166666666666667, 0.81, 0.8333333333333334, 0.79, 0.5166666666666667, 0.5166666666666667]
Loss: [0.8593971967697144, 0.8147487044334412, 0.7884096503257751, 0.6822715759277344, 0.5934639513492584, 0.6538230299949646, 0.6060828506946564, 0.5555434584617615, 0.5653625011444092, 0.5276932299137116, 1.716914176940918, 1.7012553215026855]
Training acc & loss: [[[1.7151579141616822, 0.5333333333333333], [1.2271117925643922, 0.5666666666666667], [0.8604114294052124, 0.65]], [[1.5495539665222169, 0.5333333333333333], [0.9861598014831543, 0.7033333333333334], [0.8256337881088257, 0.6666666666666666]], [[1.4106916189193726, 0.44666666666666666], [0.9884655117988587, 0.7], [0.7638135552406311, 0.68]], [[1.5637583494186402, 0.4533333333333333], [0.9181429624557496, 0.7266666666666667], [0.6821069717407227, 0.7433333333333333]], [[1.095507526397705, 0.5933333333333334], [0.7452342510223389, 0.7666666666666667], [0.5893104791641235, 0.78]], [[1.2054423093795776, 0.5866666666666667], [0.865366542339325, 0.7133333333333334], [0.6707499742507934, 0.7566666666666667]], [[1.7610908031463623, 0.4866666666666667], [0.8395029425621032, 0.73], [0.6181611061096192, 0.8166666666666667]], [[1.2080623030662536, 0.64], [0.8186979293823242, 0.75], [0.5612597823143005, 0.81]], [[1.510330367088318, 0.5333333333333333], [0.7583985686302185, 0.7466666666666667], [0.5770022988319397, 0.8333333333333334]], [[0.9197963118553162, 0.6966666666666667], [0.721163809299469, 0.7833333333333333], [0.5301880180835724, 0.79]]]

Information from Client_3:

Signals: ['Update', 'Update', 'Update', 'Update', 'Update', 'Update', 'Update', 'Update', 'Update', 'Update', 'Finish', 'Finish']
Data distribution: [(0, 22), (1, 33), (2, 29), (3, 28), (4, 43), (5, 31), (6, 28), (7, 28), (8, 26), (9, 32)]
Accuracy: [0.7166666666666667, 0.69, 0.6933333333333334, 0.7566666666666667, 0.77, 0.7033333333333334, 0.7733333333333333, 0.7666666666666667, 0.7933333333333333, 0.8233333333333334, 0.4866666666666667, 0.4866666666666667]
Loss: [0.8885162472724915, 0.8332523226737976, 0.802782928943634, 0.7018534898757934, 0.6545778393745423, 0.6325954914093017, 0.6599065899848938, 0.5832318484783172, 0.6087650716304779, 0.5237788617610931, 1.7201753616333009, 1.6972558975219727]
Training acc & loss: [[[1.8251920938491821, 0.44333333333333336], [1.3067971229553224, 0.6466666666666666], [0.8954690337181092, 0.7166666666666667]], [[1.6544823408126832, 0.49333333333333335], [1.2964314699172974, 0.5166666666666667], [0.8215445399284362, 0.69]], [[1.1734935998916627, 0.5866666666666667], [0.9805384278297424, 0.6566666666666666], [0.7945764780044555, 0.6933333333333334]], [[1.5323893070220946, 0.4666666666666667], [0.9228073120117187, 0.6733333333333333], [0.7164887309074401, 0.7566666666666667]], [[1.098976767063141, 0.66], [0.7152751743793487, 0.7766666666666666], [0.6598693251609802, 0.77]], [[1.0104286313056945, 0.6333333333333333], [0.6931772828102112, 0.7833333333333333], [0.6457966029644012, 0.7033333333333334]], [[1.0826053261756896, 0.61], [0.7981248021125793, 0.7166666666666667], [0.667372977733612, 0.7733333333333333]], [[1.1469159126281738, 0.6533333333333333], [0.6893389701843262, 0.7466666666666667], [0.6077683806419373, 0.7666666666666667]], [[1.054536235332489, 0.6366666666666667], [0.9074756383895874, 0.6766666666666666], [0.6029759764671325, 0.7933333333333333]], [[1.0639150381088256, 0.6966666666666667], [0.788719630241394, 0.74], [0.5298015177249908, 0.8233333333333334]]]

Information from Client_4:

Signals: ['Update', 'Update', 'Update', 'Update', 'Update', 'Update', 'Update', 'Update', 'Update', 'Update', 'Finish', 'Finish']
Data distribution: [(0, 34), (1, 36), (2, 22), (3, 25), (4, 36), (5, 31), (6, 25), (7, 40), (8, 28), (9, 23)]
Accuracy: [0.7033333333333334, 0.76, 0.76, 0.76, 0.8033333333333333, 0.8266666666666667, 0.7633333333333333, 0.7966666666666666, 0.8433333333333334, 0.83, 0.5066666666666667, 0.5066666666666667]
Loss: [0.9011869907379151, 0.758272647857666, 0.6651696681976318, 0.6376468598842621, 0.5773072481155396, 0.5289803266525268, 0.5944510221481323, 0.5774454832077026, 0.4524953722953796, 0.4521311640739441, 1.6979755878448486, 1.6960553646087646]
Training acc & loss: [[[1.7378982543945312, 0.37333333333333335], [1.1699599504470826, 0.6766666666666666], [0.8790503144264221, 0.7033333333333334]], [[1.5593538999557495, 0.48333333333333334], [1.1521528124809266, 0.6266666666666667], [0.7634624361991882, 0.76]], [[1.3300677061080932, 0.51], [0.8679165959358215, 0.71], [0.660973173379898, 0.76]], [[1.0429309606552124, 0.6666666666666666], [0.7955223560333252, 0.73], [0.6483035862445832, 0.76]], [[0.8629445672035218, 0.7266666666666667], [0.6831437230110169, 0.77], [0.589938360452652, 0.8033333333333333]], [[1.5534802198410034, 0.5166666666666667], [0.9356801629066467, 0.6733333333333333], [0.5304678499698638, 0.8266666666666667]], [[1.0484180927276612, 0.6733333333333333], [0.8001579403877258, 0.7266666666666667], [0.6084150075912476, 0.7633333333333333]], [[1.1804126143455504, 0.6566666666666666], [0.6947488725185395, 0.7466666666666667], [0.5737206637859344, 0.7966666666666666]], [[0.7793224811553955, 0.7733333333333333], [0.5461951076984406, 0.7933333333333333], [0.44538832306861875, 0.8433333333333334]], [[0.8737865924835205, 0.7133333333333334], [0.7608358144760132, 0.7266666666666667], [0.44292826056480405, 0.83]]]

Information from Client_5:

Signals: ['Update', 'Update', 'Update', 'Update', 'Update', 'Update', 'Update', 'Update', 'Update', 'Update', 'Finish', 'Finish']
Data distribution: [(0, 29), (1, 29), (2, 39), (3, 32), (4, 28), (5, 24), (6, 21), (7, 38), (8, 34), (9, 26)]
Accuracy: [0.6633333333333333, 0.72, 0.7066666666666667, 0.75, 0.77, 0.79, 0.7966666666666666, 0.7866666666666666, 0.84, 0.7766666666666666, 0.47, 0.47]
Loss: [0.9702227473258972, 0.7569424390792847, 0.7953182220458984, 0.6439060986042022, 0.6484996557235718, 0.5808311820030212, 0.5609310388565063, 0.6314941704273224, 0.4399007439613342, 0.6910905599594116, 1.7422295331954956, 1.7451601028442383]
Training acc & loss: [[[1.659745717048645, 0.5166666666666667], [1.3574858903884888, 0.5733333333333334], [0.9593465447425842, 0.6633333333333333]], [[1.669075608253479, 0.41], [1.1194223642349244, 0.6366666666666667], [0.7569072723388672, 0.72]], [[1.3396722793579101, 0.47333333333333333], [0.9985692739486695, 0.6566666666666666], [0.8019375085830689, 0.7066666666666667]], [[1.232093095779419, 0.58], [0.8752780675888061, 0.71], [0.6517879724502563, 0.75]], [[1.6803760528564453, 0.49], [0.8834979057312011, 0.6766666666666666], [0.642101240158081, 0.77]], [[1.4150757312774658, 0.5366666666666666], [0.7357232928276062, 0.7466666666666667], [0.5856027185916901, 0.79]], [[1.0777153730392457, 0.6433333333333333], [0.7404141426086426, 0.7333333333333333], [0.5558844864368438, 0.7966666666666666]], [[1.1034962773323058, 0.6066666666666667], [0.630070436000824, 0.7866666666666666], [0.6013994216918945, 0.7866666666666666]], [[0.8781054139137268, 0.71], [0.5987666249275208, 0.7866666666666666], [0.44321866035461427, 0.84]], [[1.3700989484786987, 0.5766666666666667], [0.7082354307174683, 0.7733333333333333], [0.6675969064235687, 0.7766666666666666]]]

Information from Client_6:

Signals: ['Update', 'Update', 'Update', 'Update', 'Update', 'Update', 'Update', 'Update', 'Update', 'Update', 'Finish', 'Finish']
Data distribution: [(0, 28), (1, 36), (2, 33), (3, 32), (4, 26), (5, 27), (6, 33), (7, 30), (8, 23), (9, 32)]
Accuracy: [0.5766666666666667, 0.7, 0.72, 0.7433333333333333, 0.76, 0.7533333333333333, 0.7766666666666666, 0.79, 0.77, 0.8166666666666667, 0.4266666666666667, 0.4266666666666667]
Loss: [0.9710452079772949, 0.7852066397666931, 0.8236508011817932, 0.6605289816856384, 0.6805087566375733, 0.685957384109497, 0.5878877520561219, 0.5747493088245392, 0.595945930480957, 0.5228678822517395, 1.8351748943328858, 1.8182214975357056]
Training acc & loss: [[[1.8192835569381713, 0.43333333333333335], [1.2926364421844483, 0.53], [0.9744792103767395, 0.5766666666666667]], [[1.5655977249145507, 0.52], [1.1064483761787414, 0.6333333333333333], [0.7846300601959229, 0.7]], [[1.3148299217224122, 0.5], [1.0440658926963806, 0.64], [0.8141531586647034, 0.72]], [[1.423646593093872, 0.5333333333333333], [0.8381310224533081, 0.7166666666666667], [0.6655958771705628, 0.7433333333333333]], [[1.3700941562652589, 0.5], [0.95158451795578, 0.6933333333333334], [0.6849815368652343, 0.76]], [[1.5122976303100586, 0.51], [0.9746433973312378, 0.61], [0.6981418013572693, 0.7533333333333333]], [[1.1294913053512574, 0.6366666666666667], [0.7494390606880188, 0.75], [0.592717832326889, 0.7766666666666666]], [[1.5043823957443236, 0.55], [0.8908116817474365, 0.6533333333333333], [0.5712015807628632, 0.79]], [[1.5129051446914672, 0.49], [0.8665910601615906, 0.7066666666666667], [0.5893756330013276, 0.77]], [[1.197044813632965, 0.5833333333333334], [0.6935484409332275, 0.7633333333333333], [0.5198118150234222, 0.8166666666666667]]]

Information from Adv_Client_0_backdoor:

Signals: ['Update', 'Update', 'Update', 'Update', 'Update', 'Update', 'Update', 'Update', 'Update', 'Update', 'Finish', 'Finish']
Data distribution: [(0, 27), (1, 41), (2, 28), (3, 30), (4, 26), (5, 30), (6, 33), (7, 24), (8, 30), (9, 31)]
Accuracy: [0.4033333333333333, 0.5433333333333333, 0.61, 0.6733333333333333, 0.6966666666666667, 0.7166666666666667, 0.6633333333333333, 0.7233333333333334, 0.72, 0.7433333333333333, 0.32, 0.32]
Loss: [1.6847553650538127, 1.392789642016093, 1.183778355518977, 1.051320195198059, 1.0559763511021931, 0.9437719484170278, 1.0106287896633148, 0.8668557107448578, 0.9212744335333506, 0.8879196246465048, 2.254258851210276, 2.254258851210276]
Training acc & loss: [[[2.0648407538731894, 0.31], [1.9334548314412434, 0.4033333333333333], [1.6847553650538127, 0.4033333333333333]], [[1.9249531229337056, 0.35333333333333333], [1.6392536163330078, 0.5033333333333333], [1.392789642016093, 0.5433333333333333]], [[1.9263840913772583, 0.38333333333333336], [1.3806989789009094, 0.5466666666666666], [1.183778355518977, 0.61]], [[1.5824490388234456, 0.56], [1.2006664276123047, 0.6633333333333333], [1.051320195198059, 0.6733333333333333]], [[2.1636855602264404, 0.42333333333333334], [1.3076402346293132, 0.6533333333333333], [1.0559763511021931, 0.6966666666666667]], [[1.6048097014427185, 0.55], [1.060258001089096, 0.7033333333333334], [0.9437719484170278, 0.7166666666666667]], [[1.8365873495737712, 0.5033333333333333], [1.214147796233495, 0.6966666666666667], [1.0106287896633148, 0.6633333333333333]], [[1.7703454891840618, 0.5966666666666667], [1.095474362373352, 0.6966666666666667], [0.8668557107448578, 0.7233333333333334]], [[1.8766928911209106, 0.5333333333333333], [1.2566134730974834, 0.5933333333333334], [0.9212744335333506, 0.72]], [[1.827301561832428, 0.5866666666666667], [1.2897043029467266, 0.6033333333333334], [0.8879196246465048, 0.7433333333333333]]]
Training Acc Benign: []
Training Acc Poison: []

Information from Adv_Client_1_backdoor:

Signals: ['Update', 'Update', 'Update', 'Update', 'Update', 'Update', 'Update', 'Update', 'Update', 'Update', 'Finish', 'Finish']
Data distribution: [(0, 32), (1, 31), (2, 30), (3, 29), (4, 21), (5, 39), (6, 35), (7, 25), (8, 28), (9, 30)]
Accuracy: [0.3933333333333333, 0.57, 0.5666666666666667, 0.61, 0.6333333333333333, 0.6266666666666667, 0.6466666666666666, 0.71, 0.69, 0.7233333333333334, 0.36333333333333334, 0.36333333333333334]
Loss: [1.6786519885063171, 1.3842514753341675, 1.3062748511632283, 1.2154641548792522, 1.199368953704834, 1.1353839635849, 1.1462818086147308, 1.0143659611543019, 1.072461764017741, 0.9845399210850397, 2.1179956793785095, 2.1179956793785095]
Training acc & loss: [[[2.070934017499288, 0.49], [1.9816462794939678, 0.4], [1.6786519885063171, 0.3933333333333333]], [[1.8559872110684712, 0.4766666666666667], [1.6406708757082622, 0.4533333333333333], [1.3842514753341675, 0.57]], [[1.722250719865163, 0.45], [1.5056690573692322, 0.41], [1.3062748511632283, 0.5666666666666667]], [[1.6535771290461223, 0.5333333333333333], [1.369977871576945, 0.5433333333333333], [1.2154641548792522, 0.61]], [[2.6174108584721885, 0.26], [1.6120526591936748, 0.5133333333333333], [1.199368953704834, 0.6333333333333333]], [[1.8830104271570842, 0.45666666666666667], [1.2824734250704448, 0.6066666666666667], [1.1353839635849, 0.6266666666666667]], [[1.7971240480740864, 0.57], [1.264102319876353, 0.5633333333333334], [1.1462818086147308, 0.6466666666666666]], [[2.011749784151713, 0.45], [1.4184906482696533, 0.53], [1.0143659611543019, 0.71]], [[1.7872933348019917, 0.6266666666666667], [1.269831657409668, 0.6133333333333333], [1.072461764017741, 0.69]], [[2.183523416519165, 0.58], [1.049658368031184, 0.73], [0.9845399210850397, 0.7233333333333334]]]
Training Acc Benign: []
Training Acc Poison: []

Information from Adv_Client_2_random_label:

Signals: ['Update', 'Update', 'Update', 'Update', 'Update', 'Update', 'Update', 'Update', 'Update', 'Update', 'Finish', 'Finish']
Data distribution: [(0, 29), (1, 35), (2, 30), (3, 31), (4, 26), (5, 22), (6, 26), (7, 27), (8, 33), (9, 41)]
Accuracy: [0.18333333333333332, 0.19333333333333333, 0.23, 0.25, 0.2966666666666667, 0.23, 0.31666666666666665, 0.3233333333333333, 0.3466666666666667, 0.41333333333333333, 0.19333333333333333, 0.19333333333333333]
Loss: [2.2414480686187743, 2.179652738571167, 2.111698627471924, 2.0937593936920167, 1.9912190914154053, 2.066431427001953, 1.9561192035675048, 1.960801124572754, 1.8726480960845948, 1.7947262048721313, 2.3755273818969727, 2.3755273818969727]
Training acc & loss: [[[2.449050521850586, 0.10333333333333333], [2.2492719650268556, 0.13], [2.2414480686187743, 0.18333333333333332]], [[2.4188974857330323, 0.17666666666666667], [2.3321699619293215, 0.12], [2.179652738571167, 0.19333333333333333]], [[2.2928783893585205, 0.16], [2.157500123977661, 0.23], [2.111698627471924, 0.23]], [[2.373487615585327, 0.20666666666666667], [2.1433239459991453, 0.17], [2.0937593936920167, 0.25]], [[2.301332187652588, 0.20666666666666667], [2.064831256866455, 0.23], [1.9912190914154053, 0.2966666666666667]], [[2.535121536254883, 0.13333333333333333], [2.1269837379455567, 0.21666666666666667], [2.066431427001953, 0.23]], [[2.231957197189331, 0.16], [2.0677683353424072, 0.23], [1.9561192035675048, 0.31666666666666665]], [[2.3838845252990724, 0.14666666666666667], [2.023337984085083, 0.27666666666666667], [1.960801124572754, 0.3233333333333333]], [[2.2563174247741697, 0.22], [2.0041035652160644, 0.26], [1.8726480960845948, 0.3466666666666667]], [[2.1838695764541627, 0.2633333333333333], [1.9371819734573363, 0.29333333333333333], [1.7947262048721313, 0.41333333333333333]]]
Training Acc Benign: []
Training Acc Poison: []

Information from Adv_Client_3_random_label:

Signals: ['Update', 'Update', 'Update', 'Update', 'Update', 'Update', 'Update', 'Update', 'Update', 'Update', 'Finish', 'Finish']
Data distribution: [(0, 36), (1, 29), (2, 26), (3, 34), (4, 27), (5, 30), (6, 36), (7, 28), (8, 32), (9, 22)]
Accuracy: [0.14, 0.21666666666666667, 0.2, 0.24, 0.25, 0.25333333333333335, 0.26666666666666666, 0.29333333333333333, 0.32666666666666666, 0.34, 0.17666666666666667, 0.17666666666666667]
Loss: [2.245448589324951, 2.153447961807251, 2.1173619270324706, 2.0646464109420775, 2.0181392192840577, 1.9759651184082032, 2.017182445526123, 1.919362235069275, 1.8417633056640625, 1.7855466604232788, 2.2573948383331297, 2.2573948383331297]
Training acc & loss: [[[2.409403848648071, 0.13333333333333333], [2.2828701972961425, 0.17666666666666667], [2.245448589324951, 0.14]], [[2.203157329559326, 0.18], [2.16727991104126, 0.12666666666666668], [2.153447961807251, 0.21666666666666667]], [[2.6797637939453125, 0.13666666666666666], [2.221013307571411, 0.18], [2.1173619270324706, 0.2]], [[2.306546211242676, 0.20333333333333334], [2.1181042194366455, 0.21], [2.0646464109420775, 0.24]], [[2.2497353553771973, 0.19], [2.114915943145752, 0.17666666666666667], [2.0181392192840577, 0.25]], [[2.2360606670379637, 0.19333333333333333], [2.0905267238616942, 0.22], [1.9759651184082032, 0.25333333333333335]], [[2.3921353340148928, 0.17], [2.0815327644348143, 0.26], [2.017182445526123, 0.26666666666666666]], [[2.1702404022216797, 0.25], [1.980662751197815, 0.29], [1.919362235069275, 0.29333333333333333]], [[2.1065346240997314, 0.24], [1.943323016166687, 0.3], [1.8417633056640625, 0.32666666666666666]], [[2.1535209894180296, 0.2633333333333333], [1.8777611970901489, 0.3566666666666667], [1.7855466604232788, 0.34]]]
Training Acc Benign: []
Training Acc Poison: []

Duration: 1 minutes 36 seconds
