The following training was conducted:

C: 1
K: 10
R: 10
E: 3
B: 64
A: 5
A_random: False
ADV_ap: 0
ADV_ba: 0
ADV_bd: 2
ADV_rl: 2
poison_rate: 0.1
optimizer: <class 'torch.optim.adam.Adam'>
criterion: CrossEntropyLoss()
lr: 0.001
data_name: FashionMNIST
shards_each: 2
iid: True
degree_niid: 0.8
flame: False
model: <class 'models.FashionCNN'>
LESS_DATA: 3000
SERVER_TEST_SIZE: 1000
SERVER_TRAIN_SIZE: 10


Information from Client_1:

Signals: ['Update', 'Update', 'Update', 'Update', 'Update', 'Update', 'Update', 'Update', 'Update', 'Update', 'Finish']
Data distribution: [(0, 28), (1, 30), (2, 32), (3, 32), (4, 32), (5, 25), (6, 31), (7, 25), (8, 26), (9, 39)]
Accuracy: [0.5866666666666667, 0.7433333333333333, 0.8, 0.81, 0.8333333333333334, 0.84, 0.8933333333333333, 0.9033333333333333, 0.8766666666666667, 0.9166666666666666, 0.86]
Loss: [0.9675539374351502, 0.70865797996521, 0.6168419003486634, 0.5426055490970612, 0.47743703722953795, 0.42030341029167173, 0.3618494063615799, 0.35208255648612974, 0.3315435588359833, 0.2694165349006653, 0.5069093883037568]
Training acc & loss: [[[1.8168015956878663, 0.45666666666666667], [1.319792056083679, 0.56], [0.9671217441558838, 0.5866666666666667]], [[1.3001431226730347, 0.5933333333333334], [0.9522933006286621, 0.67], [0.7001881837844849, 0.7433333333333333]], [[1.0732308149337768, 0.6233333333333333], [0.7666370272636414, 0.7366666666666667], [0.6050103783607483, 0.8]], [[0.8362834453582764, 0.6766666666666666], [0.658120858669281, 0.78], [0.5433090627193451, 0.81]], [[0.8452562093734741, 0.7133333333333334], [0.5856849908828735, 0.78], [0.48978455662727355, 0.8333333333333334]], [[0.706208324432373, 0.7633333333333333], [0.49911718964576723, 0.8166666666666667], [0.4289627134799957, 0.84]], [[0.5490620613098145, 0.7966666666666666], [0.5705095529556274, 0.78], [0.36708340644836424, 0.8933333333333333]], [[0.740504801273346, 0.7166666666666667], [0.4126510500907898, 0.8433333333333334], [0.3565626323223114, 0.9033333333333333]], [[0.4031078040599823, 0.86], [0.3372334182262421, 0.88], [0.32271694839000703, 0.8766666666666667]], [[0.4811225950717926, 0.8266666666666667], [0.37831823229789735, 0.88], [0.26958619952201845, 0.9166666666666666]]]

Information from Client_2:

Signals: ['Update', 'Update', 'Update', 'Update', 'Update', 'Update', 'Update', 'Update', 'Update', 'Update', 'Finish']
Data distribution: [(0, 26), (1, 36), (2, 29), (3, 28), (4, 26), (5, 25), (6, 36), (7, 31), (8, 28), (9, 35)]
Accuracy: [0.7233333333333334, 0.7633333333333333, 0.75, 0.8166666666666667, 0.8533333333333334, 0.85, 0.88, 0.8966666666666666, 0.8833333333333333, 0.8833333333333333, 0.8666666666666667]
Loss: [0.8018966794013977, 0.6213003516197204, 0.5714308738708496, 0.49438740611076354, 0.38713338375091555, 0.35318548083305357, 0.3792422890663147, 0.2960442841053009, 0.2762786030769348, 0.3685052514076233, 0.497474467754364]
Training acc & loss: [[[1.6702621221542358, 0.46], [1.2799795150756836, 0.5266666666666666], [0.799940824508667, 0.7233333333333334]], [[1.071457290649414, 0.63], [0.8199656367301941, 0.6866666666666666], [0.6170618116855622, 0.7633333333333333]], [[0.7754955410957336, 0.7366666666666667], [0.6625368237495423, 0.77], [0.5801608502864838, 0.75]], [[0.7147327661514282, 0.7433333333333333], [0.697927987575531, 0.73], [0.4904308974742889, 0.8166666666666667]], [[0.784673023223877, 0.6933333333333334], [0.5353764116764068, 0.7866666666666666], [0.3989889740943909, 0.8533333333333334]], [[0.5552751243114471, 0.7833333333333333], [0.5202471435070037, 0.8333333333333334], [0.3508984625339508, 0.85]], [[0.7416629433631897, 0.76], [0.5385767042636871, 0.7933333333333333], [0.3734543681144714, 0.88]], [[0.5596942663192749, 0.7933333333333333], [0.3810721844434738, 0.84], [0.29847073256969453, 0.8966666666666666]], [[0.5625107645988464, 0.7633333333333333], [0.358790123462677, 0.86], [0.2781063199043274, 0.8833333333333333]], [[0.3969178259372711, 0.8466666666666667], [0.3298840582370758, 0.8833333333333333], [0.36843650341033934, 0.8833333333333333]]]

Information from Client_3:

Signals: ['Update', 'Update', 'Update', 'Update', 'Update', 'Update', 'Update', 'Update', 'Update', 'Update', 'Finish']
Data distribution: [(0, 29), (1, 26), (2, 41), (3, 24), (4, 33), (5, 22), (6, 33), (7, 37), (8, 29), (9, 26)]
Accuracy: [0.6166666666666667, 0.7133333333333334, 0.78, 0.78, 0.81, 0.8566666666666667, 0.8433333333333334, 0.88, 0.9, 0.9266666666666666, 0.8933333333333333]
Loss: [0.946056604385376, 0.7169137120246887, 0.5843156695365905, 0.5978174090385437, 0.4770014226436615, 0.4270031452178955, 0.4302981734275818, 0.3242954611778259, 0.29351702332496643, 0.22761409282684325, 0.4745662033557892]
Training acc & loss: [[[1.8156386613845825, 0.3466666666666667], [1.2601642608642578, 0.5566666666666666], [0.9433251023292542, 0.6166666666666667]], [[1.1112630844116211, 0.6133333333333333], [0.8206983923912048, 0.7033333333333334], [0.7109699130058289, 0.7133333333333334]], [[0.8652710556983948, 0.7], [0.6707696735858917, 0.7433333333333333], [0.571388554573059, 0.78]], [[0.9172469854354859, 0.6733333333333333], [0.817641305923462, 0.7033333333333334], [0.5943761348724366, 0.78]], [[0.651424789428711, 0.7566666666666667], [0.5526531934738159, 0.79], [0.4866481840610504, 0.81]], [[0.8016482353210449, 0.7033333333333334], [0.6091912984848022, 0.7466666666666667], [0.4121034801006317, 0.8566666666666667]], [[0.607342791557312, 0.7666666666666667], [0.47389989495277407, 0.8266666666666667], [0.4309087753295898, 0.8433333333333334]], [[0.5081623792648315, 0.8166666666666667], [0.5228716135025024, 0.8066666666666666], [0.3248368680477142, 0.88]], [[0.4567623555660248, 0.8266666666666667], [0.34522382020950315, 0.87], [0.2933566391468048, 0.9]], [[0.47602065205574035, 0.8366666666666667], [0.37920219302177427, 0.84], [0.23743875324726105, 0.9266666666666666]]]

Information from Client_4:

Signals: ['Update', 'Update', 'Update', 'Update', 'Update', 'Update', 'Update', 'Update', 'Update', 'Update', 'Finish']
Data distribution: [(0, 28), (1, 25), (2, 25), (3, 25), (4, 37), (5, 21), (6, 46), (7, 29), (8, 31), (9, 33)]
Accuracy: [0.6966666666666667, 0.7566666666666667, 0.8066666666666666, 0.7866666666666666, 0.82, 0.85, 0.8466666666666667, 0.8866666666666667, 0.87, 0.9033333333333333, 0.87]
Loss: [0.8579615831375123, 0.7065292954444885, 0.5630774974822998, 0.5493736088275909, 0.5197407245635987, 0.40879377722740173, 0.40299805998802185, 0.31151733696460726, 0.3709141731262207, 0.2978378772735596, 0.5238723754882812]
Training acc & loss: [[[1.7672560930252075, 0.5833333333333334], [1.237857747077942, 0.5566666666666666], [0.8688507080078125, 0.6966666666666667]], [[1.1801859140396118, 0.5733333333333334], [0.9442744851112366, 0.71], [0.7097328305244446, 0.7566666666666667]], [[0.8948092460632324, 0.6833333333333333], [0.8010070443153381, 0.7033333333333334], [0.5614330410957337, 0.8066666666666666]], [[1.1545226097106933, 0.53], [0.8003652334213257, 0.7333333333333333], [0.5492502927780152, 0.7866666666666666]], [[0.6604076385498047, 0.7366666666666667], [0.5809675335884095, 0.7566666666666667], [0.5170821070671081, 0.82]], [[0.6669859051704407, 0.7466666666666667], [0.5056787312030793, 0.7966666666666666], [0.41111822724342345, 0.85]], [[0.6891939997673034, 0.7333333333333333], [0.5290348112583161, 0.8233333333333334], [0.39150495529174806, 0.8466666666666667]], [[0.6565512180328369, 0.7766666666666666], [0.41438589692115785, 0.8433333333333334], [0.313287615776062, 0.8866666666666667]], [[0.6792888045310974, 0.74], [0.4976523518562317, 0.8033333333333333], [0.3652393311262131, 0.87]], [[0.5229389131069183, 0.8], [0.40276455879211426, 0.8466666666666667], [0.2902888715267181, 0.9033333333333333]]]

Information from Client_5:

Signals: ['Update', 'Update', 'Update', 'Update', 'Update', 'Update', 'Update', 'Update', 'Update', 'Update', 'Finish']
Data distribution: [(0, 41), (1, 31), (2, 20), (3, 36), (4, 34), (5, 37), (6, 28), (7, 22), (8, 29), (9, 22)]
Accuracy: [0.7333333333333333, 0.8, 0.8166666666666667, 0.84, 0.8633333333333333, 0.8566666666666667, 0.87, 0.9033333333333333, 0.93, 0.95, 0.87]
Loss: [0.7366117596626282, 0.5719201028347015, 0.5247018992900848, 0.3929698050022125, 0.3949318826198578, 0.39550512433052065, 0.34987818002700805, 0.2836906164884567, 0.24136154353618622, 0.19748183637857436, 0.46514015197753905]
Training acc & loss: [[[1.6564017534255981, 0.5333333333333333], [1.1629109621047973, 0.6], [0.7431852221488953, 0.7333333333333333]], [[1.1111119270324707, 0.6466666666666666], [0.8006688475608825, 0.7266666666666667], [0.5785338163375855, 0.8]], [[0.7090923070907593, 0.7733333333333333], [0.5931949377059936, 0.7833333333333333], [0.5392103552818298, 0.8166666666666667]], [[0.6857738673686982, 0.73], [0.47031319737434385, 0.8466666666666667], [0.3953925907611847, 0.84]], [[0.7887666344642639, 0.7533333333333333], [0.4774778485298157, 0.8366666666666667], [0.3896139085292816, 0.8633333333333333]], [[0.7042336225509643, 0.78], [0.4902950465679169, 0.8333333333333334], [0.3914808392524719, 0.8566666666666667]], [[0.6514572024345398, 0.77], [0.44646441042423246, 0.8466666666666667], [0.3453222692012787, 0.87]], [[0.3999649703502655, 0.86], [0.3435128390789032, 0.8766666666666667], [0.27886666655540465, 0.9033333333333333]], [[0.5782740414142609, 0.82], [0.3687379002571106, 0.87], [0.23206882178783417, 0.93]], [[0.3291993498802185, 0.89], [0.3117074012756348, 0.8966666666666666], [0.20727556347846984, 0.95]]]

Information from Client_6:

Signals: ['Update', 'Update', 'Update', 'Update', 'Update', 'Update', 'Update', 'Update', 'Update', 'Update', 'Finish']
Data distribution: [(0, 29), (1, 25), (2, 31), (3, 34), (4, 32), (5, 33), (6, 32), (7, 31), (8, 23), (9, 30)]
Accuracy: [0.7066666666666667, 0.7566666666666667, 0.8, 0.81, 0.8566666666666667, 0.87, 0.8633333333333333, 0.8633333333333333, 0.9466666666666667, 0.8966666666666666, 0.8933333333333333]
Loss: [0.8927273511886596, 0.6472154676914215, 0.5357394754886627, 0.5052110314369201, 0.43396176099777223, 0.3664118230342865, 0.3742108762264252, 0.372642982006073, 0.23777595162391663, 0.27114480137825014, 0.4841431021690369]
Training acc & loss: [[[1.7875041007995605, 0.42333333333333334], [1.3854124784469604, 0.55], [0.9136665105819702, 0.7066666666666667]], [[1.1600489616394043, 0.69], [0.8825878620147705, 0.7166666666666667], [0.6293253123760223, 0.7566666666666667]], [[0.8700160503387451, 0.6733333333333333], [0.8172553539276123, 0.6933333333333334], [0.5402777194976807, 0.8]], [[0.8642871856689454, 0.6833333333333333], [0.6877553343772889, 0.7466666666666667], [0.5115205526351929, 0.81]], [[0.7326063275337219, 0.72], [0.5760474443435669, 0.7833333333333333], [0.4272246539592743, 0.8566666666666667]], [[0.521289449930191, 0.8], [0.44127503633499143, 0.8366666666666667], [0.3668693244457245, 0.87]], [[0.6397066712379456, 0.7633333333333333], [0.46640693545341494, 0.8266666666666667], [0.38523244857788086, 0.8633333333333333]], [[0.692206597328186, 0.75], [0.5579374372959137, 0.7833333333333333], [0.37326064705848694, 0.8633333333333333]], [[0.5617570281028748, 0.7933333333333333], [0.3280490070581436, 0.8833333333333333], [0.23411418497562408, 0.9466666666666667]], [[0.6771432757377625, 0.7633333333333333], [0.42338464260101316, 0.8533333333333334], [0.2807344913482666, 0.8966666666666666]]]

Information from Adv_Client_0_backdoor:

Signals: ['Update', 'Update', 'Update', 'Update', 'Update', 'Update', 'Update', 'Update', 'Update', 'Update', 'Finish']
Data distribution: [(0, 29), (1, 29), (2, 28), (3, 30), (4, 35), (5, 38), (6, 21), (7, 28), (8, 29), (9, 33)]
Accuracy: [0.39666666666666667, 0.5466666666666666, 0.5466666666666666, 0.5466666666666666, 0.58, 0.7, 0.75, 0.7033333333333334, 0.7666666666666667, 0.7266666666666667, 0.6033333333333334]
Loss: [1.6939081748326619, 1.4502789576848347, 1.3211342692375183, 1.2827219168345134, 1.2004538774490356, 1.0380424757798512, 0.9237544139226278, 0.9642245173454285, 0.9226738711198171, 0.8948077857494354, 1.5740182797114055]
Training acc & loss: [[[2.037629763285319, 0.5033333333333333], [1.9658810297648113, 0.34], [1.6939081748326619, 0.39666666666666667]], [[1.8614993294080098, 0.44], [1.7290356357892354, 0.43333333333333335], [1.4502789576848347, 0.5466666666666666]], [[2.053409437338511, 0.32], [1.5506893793741863, 0.57], [1.3211342692375183, 0.5466666666666666]], [[2.2392457326253257, 0.33], [1.4935432473818462, 0.5766666666666667], [1.2827219168345134, 0.5466666666666666]], [[2.012059430281321, 0.44666666666666666], [1.2897460460662842, 0.6666666666666666], [1.2004538774490356, 0.58]], [[1.848112682501475, 0.49], [1.2455809911092122, 0.62], [1.0380424757798512, 0.7]], [[1.75259530544281, 0.51], [1.2747988899548848, 0.5733333333333334], [0.9237544139226278, 0.75]], [[1.7629639705022175, 0.5466666666666666], [1.1765053073565166, 0.6], [0.9642245173454285, 0.7033333333333334]], [[1.8022660613059998, 0.5633333333333334], [1.1424447894096375, 0.6766666666666666], [0.9226738711198171, 0.7666666666666667]], [[1.5466517806053162, 0.5666666666666667], [1.021148939927419, 0.7033333333333334], [0.8948077857494354, 0.7266666666666667]]]
Training Acc Benign: []
Training Acc Poison: []

Information from Adv_Client_1_backdoor:

Signals: ['Update', 'Update', 'Update', 'Update', 'Update', 'Update', 'Update', 'Update', 'Update', 'Update', 'Finish']
Data distribution: [(0, 43), (1, 33), (2, 38), (3, 27), (4, 35), (5, 17), (6, 22), (7, 29), (8, 31), (9, 25)]
Accuracy: [0.4666666666666667, 0.5633333333333334, 0.5633333333333334, 0.6233333333333333, 0.6566666666666666, 0.6433333333333333, 0.7766666666666666, 0.7666666666666667, 0.75, 0.8133333333333334, 0.5766666666666667]
Loss: [1.7934072613716125, 1.4359824856122334, 1.2472292085488637, 1.118912140528361, 1.0964270333449047, 1.0582716663678486, 0.8762414952119192, 0.8369795878728231, 0.9024996956189474, 0.8042753438154856, 1.6252941091855366]
Training acc & loss: [[[2.1357047160466514, 0.4033333333333333], [2.0981365044911704, 0.2733333333333333], [1.7934072613716125, 0.4666666666666667]], [[1.9276511470476787, 0.22333333333333333], [1.7978179653485615, 0.36666666666666664], [1.4359824856122334, 0.5633333333333334]], [[1.6886027057965596, 0.4266666666666667], [1.4434810280799866, 0.59], [1.2472292085488637, 0.5633333333333334]], [[1.68705815076828, 0.5533333333333333], [1.3435860872268677, 0.6433333333333333], [1.118912140528361, 0.6233333333333333]], [[1.6633277932802837, 0.5833333333333334], [1.2760057250658672, 0.6566666666666666], [1.0964270333449047, 0.6566666666666666]], [[1.6806063850720723, 0.57], [1.2169607083002727, 0.69], [1.0582716663678486, 0.6433333333333333]], [[1.7171858549118042, 0.41], [1.1201051374276478, 0.68], [0.8762414952119192, 0.7766666666666666]], [[1.4993435343106587, 0.6033333333333334], [1.0296586751937866, 0.74], [0.8369795878728231, 0.7666666666666667]], [[1.3985144297281902, 0.65], [1.0223778287569683, 0.6766666666666666], [0.9024996956189474, 0.75]], [[1.3184493978818257, 0.7566666666666667], [0.9819552997748057, 0.71], [0.8042753438154856, 0.8133333333333334]]]
Training Acc Benign: []
Training Acc Poison: []

Information from Adv_Client_2_random_label:

Signals: ['Update', 'Update', 'Update', 'Update', 'Update', 'Update', 'Update', 'Update', 'Update', 'Update', 'Finish']
Data distribution: [(0, 37), (1, 42), (2, 38), (3, 27), (4, 31), (5, 21), (6, 28), (7, 22), (8, 27), (9, 27)]
Accuracy: [0.14333333333333334, 0.2, 0.25333333333333335, 0.19333333333333333, 0.20333333333333334, 0.25333333333333335, 0.2833333333333333, 0.28, 0.27666666666666667, 0.3, 0.10333333333333333]
Loss: [2.257754993438721, 2.152442789077759, 2.087280511856079, 2.097259759902954, 2.0919320583343506, 2.0682339668273926, 2.0340582609176634, 2.000792217254639, 1.9774441242218017, 1.9679766178131104, 4.043854713439941]
Training acc & loss: [[[2.3002661228179933, 0.16333333333333333], [2.2956917762756346, 0.11666666666666667], [2.257754993438721, 0.14333333333333334]], [[2.2174798488616942, 0.15333333333333332], [2.1969847679138184, 0.15666666666666668], [2.152442789077759, 0.2]], [[2.250870943069458, 0.14666666666666667], [2.171423244476318, 0.16], [2.087280511856079, 0.25333333333333335]], [[2.2353474140167235, 0.14333333333333334], [2.136448097229004, 0.18333333333333332], [2.097259759902954, 0.19333333333333333]], [[2.2494188785552978, 0.16333333333333333], [2.117279386520386, 0.19], [2.0919320583343506, 0.20333333333333334]], [[2.229989242553711, 0.18], [2.0985910415649416, 0.25666666666666665], [2.0682339668273926, 0.25333333333333335]], [[2.1918100833892824, 0.20333333333333334], [2.076806926727295, 0.24666666666666667], [2.0340582609176634, 0.2833333333333333]], [[2.1788241386413576, 0.21333333333333335], [2.0612120628356934, 0.22333333333333333], [2.000792217254639, 0.28]], [[2.1664987087249754, 0.2], [2.045603561401367, 0.22666666666666666], [1.9774441242218017, 0.27666666666666667]], [[2.1766106128692626, 0.2], [2.0411930799484255, 0.23666666666666666], [1.9679766178131104, 0.3]]]
Training Acc Benign: []
Training Acc Poison: []

Information from Adv_Client_3_random_label:

Signals: ['Update', 'Update', 'Update', 'Update', 'Update', 'Update', 'Update', 'Update', 'Update', 'Update', 'Finish']
Data distribution: [(0, 33), (1, 38), (2, 31), (3, 33), (4, 14), (5, 30), (6, 30), (7, 34), (8, 33), (9, 24)]
Accuracy: [0.15, 0.18666666666666668, 0.20666666666666667, 0.18666666666666668, 0.19, 0.21666666666666667, 0.20666666666666667, 0.24333333333333335, 0.25, 0.2733333333333333, 0.1]
Loss: [2.2622087955474854, 2.1315672397613525, 2.1357558250427244, 2.1200844764709474, 2.1153817653656004, 2.0959324836730957, 2.0878243923187254, 2.047878646850586, 2.049764537811279, 2.010770654678345, 4.144613981246948]
Training acc & loss: [[[2.397014617919922, 0.13333333333333333], [2.2970723152160644, 0.15333333333333332], [2.2622087955474854, 0.15]], [[2.2000319004058837, 0.15666666666666668], [2.197716236114502, 0.16], [2.1315672397613525, 0.18666666666666668]], [[2.231894683837891, 0.17333333333333334], [2.201395273208618, 0.15], [2.1357558250427244, 0.20666666666666667]], [[2.2469234466552734, 0.15], [2.1450278759002686, 0.17666666666666667], [2.1200844764709474, 0.18666666666666668]], [[2.179791307449341, 0.17333333333333334], [2.1482495784759523, 0.17], [2.1153817653656004, 0.19]], [[2.197459888458252, 0.14666666666666667], [2.1493910789489745, 0.19333333333333333], [2.0959324836730957, 0.21666666666666667]], [[2.24477801322937, 0.14666666666666667], [2.1251173496246336, 0.19], [2.0878243923187254, 0.20666666666666667]], [[2.206875228881836, 0.15333333333333332], [2.1050535678863525, 0.21666666666666667], [2.047878646850586, 0.24333333333333335]], [[2.248144578933716, 0.15], [2.1047112941741943, 0.20333333333333334], [2.049764537811279, 0.25]], [[2.20622239112854, 0.17666666666666667], [2.0639787673950196, 0.23666666666666666], [2.010770654678345, 0.2733333333333333]]]
Training Acc Benign: []
Training Acc Poison: []

Information from Server:

Accuracy: [0.55, 0.709, 0.726, 0.726, 0.744, 0.747, 0.76, 0.765, 0.774, 0.788]
Loss: [1.4050996005535126, 1.0879855081439018, 0.8884671442210674, 0.8544999398291111, 0.766907524317503, 0.7525780200958252, 0.7487494722008705, 0.6919029802083969, 0.6850922703742981, 0.6634935513138771]
Information from Client_1:

Signals: ['Update', 'Update', 'Update', 'Update', 'Update', 'Update', 'Update', 'Update', 'Update', 'Update', 'Finish', 'Finish']
Data distribution: [(0, 28), (1, 30), (2, 32), (3, 32), (4, 32), (5, 25), (6, 31), (7, 25), (8, 26), (9, 39)]
Accuracy: [0.5866666666666667, 0.7433333333333333, 0.8, 0.81, 0.8333333333333334, 0.84, 0.8933333333333333, 0.9033333333333333, 0.8766666666666667, 0.9166666666666666, 0.86, 0.86]
Loss: [0.9675539374351502, 0.70865797996521, 0.6168419003486634, 0.5426055490970612, 0.47743703722953795, 0.42030341029167173, 0.3618494063615799, 0.35208255648612974, 0.3315435588359833, 0.2694165349006653, 0.5069093883037568, 0.5092670500278473]
Training acc & loss: [[[1.8168015956878663, 0.45666666666666667], [1.319792056083679, 0.56], [0.9671217441558838, 0.5866666666666667]], [[1.3001431226730347, 0.5933333333333334], [0.9522933006286621, 0.67], [0.7001881837844849, 0.7433333333333333]], [[1.0732308149337768, 0.6233333333333333], [0.7666370272636414, 0.7366666666666667], [0.6050103783607483, 0.8]], [[0.8362834453582764, 0.6766666666666666], [0.658120858669281, 0.78], [0.5433090627193451, 0.81]], [[0.8452562093734741, 0.7133333333333334], [0.5856849908828735, 0.78], [0.48978455662727355, 0.8333333333333334]], [[0.706208324432373, 0.7633333333333333], [0.49911718964576723, 0.8166666666666667], [0.4289627134799957, 0.84]], [[0.5490620613098145, 0.7966666666666666], [0.5705095529556274, 0.78], [0.36708340644836424, 0.8933333333333333]], [[0.740504801273346, 0.7166666666666667], [0.4126510500907898, 0.8433333333333334], [0.3565626323223114, 0.9033333333333333]], [[0.4031078040599823, 0.86], [0.3372334182262421, 0.88], [0.32271694839000703, 0.8766666666666667]], [[0.4811225950717926, 0.8266666666666667], [0.37831823229789735, 0.88], [0.26958619952201845, 0.9166666666666666]]]

Information from Client_2:

Signals: ['Update', 'Update', 'Update', 'Update', 'Update', 'Update', 'Update', 'Update', 'Update', 'Update', 'Finish', 'Finish']
Data distribution: [(0, 26), (1, 36), (2, 29), (3, 28), (4, 26), (5, 25), (6, 36), (7, 31), (8, 28), (9, 35)]
Accuracy: [0.7233333333333334, 0.7633333333333333, 0.75, 0.8166666666666667, 0.8533333333333334, 0.85, 0.88, 0.8966666666666666, 0.8833333333333333, 0.8833333333333333, 0.8666666666666667, 0.8666666666666667]
Loss: [0.8018966794013977, 0.6213003516197204, 0.5714308738708496, 0.49438740611076354, 0.38713338375091555, 0.35318548083305357, 0.3792422890663147, 0.2960442841053009, 0.2762786030769348, 0.3685052514076233, 0.497474467754364, 0.5006755590438843]
Training acc & loss: [[[1.6702621221542358, 0.46], [1.2799795150756836, 0.5266666666666666], [0.799940824508667, 0.7233333333333334]], [[1.071457290649414, 0.63], [0.8199656367301941, 0.6866666666666666], [0.6170618116855622, 0.7633333333333333]], [[0.7754955410957336, 0.7366666666666667], [0.6625368237495423, 0.77], [0.5801608502864838, 0.75]], [[0.7147327661514282, 0.7433333333333333], [0.697927987575531, 0.73], [0.4904308974742889, 0.8166666666666667]], [[0.784673023223877, 0.6933333333333334], [0.5353764116764068, 0.7866666666666666], [0.3989889740943909, 0.8533333333333334]], [[0.5552751243114471, 0.7833333333333333], [0.5202471435070037, 0.8333333333333334], [0.3508984625339508, 0.85]], [[0.7416629433631897, 0.76], [0.5385767042636871, 0.7933333333333333], [0.3734543681144714, 0.88]], [[0.5596942663192749, 0.7933333333333333], [0.3810721844434738, 0.84], [0.29847073256969453, 0.8966666666666666]], [[0.5625107645988464, 0.7633333333333333], [0.358790123462677, 0.86], [0.2781063199043274, 0.8833333333333333]], [[0.3969178259372711, 0.8466666666666667], [0.3298840582370758, 0.8833333333333333], [0.36843650341033934, 0.8833333333333333]]]

Information from Client_3:

Signals: ['Update', 'Update', 'Update', 'Update', 'Update', 'Update', 'Update', 'Update', 'Update', 'Update', 'Finish', 'Finish']
Data distribution: [(0, 29), (1, 26), (2, 41), (3, 24), (4, 33), (5, 22), (6, 33), (7, 37), (8, 29), (9, 26)]
Accuracy: [0.6166666666666667, 0.7133333333333334, 0.78, 0.78, 0.81, 0.8566666666666667, 0.8433333333333334, 0.88, 0.9, 0.9266666666666666, 0.8933333333333333, 0.8933333333333333]
Loss: [0.946056604385376, 0.7169137120246887, 0.5843156695365905, 0.5978174090385437, 0.4770014226436615, 0.4270031452178955, 0.4302981734275818, 0.3242954611778259, 0.29351702332496643, 0.22761409282684325, 0.4745662033557892, 0.4820176184177399]
Training acc & loss: [[[1.8156386613845825, 0.3466666666666667], [1.2601642608642578, 0.5566666666666666], [0.9433251023292542, 0.6166666666666667]], [[1.1112630844116211, 0.6133333333333333], [0.8206983923912048, 0.7033333333333334], [0.7109699130058289, 0.7133333333333334]], [[0.8652710556983948, 0.7], [0.6707696735858917, 0.7433333333333333], [0.571388554573059, 0.78]], [[0.9172469854354859, 0.6733333333333333], [0.817641305923462, 0.7033333333333334], [0.5943761348724366, 0.78]], [[0.651424789428711, 0.7566666666666667], [0.5526531934738159, 0.79], [0.4866481840610504, 0.81]], [[0.8016482353210449, 0.7033333333333334], [0.6091912984848022, 0.7466666666666667], [0.4121034801006317, 0.8566666666666667]], [[0.607342791557312, 0.7666666666666667], [0.47389989495277407, 0.8266666666666667], [0.4309087753295898, 0.8433333333333334]], [[0.5081623792648315, 0.8166666666666667], [0.5228716135025024, 0.8066666666666666], [0.3248368680477142, 0.88]], [[0.4567623555660248, 0.8266666666666667], [0.34522382020950315, 0.87], [0.2933566391468048, 0.9]], [[0.47602065205574035, 0.8366666666666667], [0.37920219302177427, 0.84], [0.23743875324726105, 0.9266666666666666]]]

Information from Client_4:

Signals: ['Update', 'Update', 'Update', 'Update', 'Update', 'Update', 'Update', 'Update', 'Update', 'Update', 'Finish', 'Finish']
Data distribution: [(0, 28), (1, 25), (2, 25), (3, 25), (4, 37), (5, 21), (6, 46), (7, 29), (8, 31), (9, 33)]
Accuracy: [0.6966666666666667, 0.7566666666666667, 0.8066666666666666, 0.7866666666666666, 0.82, 0.85, 0.8466666666666667, 0.8866666666666667, 0.87, 0.9033333333333333, 0.87, 0.87]
Loss: [0.8579615831375123, 0.7065292954444885, 0.5630774974822998, 0.5493736088275909, 0.5197407245635987, 0.40879377722740173, 0.40299805998802185, 0.31151733696460726, 0.3709141731262207, 0.2978378772735596, 0.5238723754882812, 0.5229080080986023]
Training acc & loss: [[[1.7672560930252075, 0.5833333333333334], [1.237857747077942, 0.5566666666666666], [0.8688507080078125, 0.6966666666666667]], [[1.1801859140396118, 0.5733333333333334], [0.9442744851112366, 0.71], [0.7097328305244446, 0.7566666666666667]], [[0.8948092460632324, 0.6833333333333333], [0.8010070443153381, 0.7033333333333334], [0.5614330410957337, 0.8066666666666666]], [[1.1545226097106933, 0.53], [0.8003652334213257, 0.7333333333333333], [0.5492502927780152, 0.7866666666666666]], [[0.6604076385498047, 0.7366666666666667], [0.5809675335884095, 0.7566666666666667], [0.5170821070671081, 0.82]], [[0.6669859051704407, 0.7466666666666667], [0.5056787312030793, 0.7966666666666666], [0.41111822724342345, 0.85]], [[0.6891939997673034, 0.7333333333333333], [0.5290348112583161, 0.8233333333333334], [0.39150495529174806, 0.8466666666666667]], [[0.6565512180328369, 0.7766666666666666], [0.41438589692115785, 0.8433333333333334], [0.313287615776062, 0.8866666666666667]], [[0.6792888045310974, 0.74], [0.4976523518562317, 0.8033333333333333], [0.3652393311262131, 0.87]], [[0.5229389131069183, 0.8], [0.40276455879211426, 0.8466666666666667], [0.2902888715267181, 0.9033333333333333]]]

Information from Client_5:

Signals: ['Update', 'Update', 'Update', 'Update', 'Update', 'Update', 'Update', 'Update', 'Update', 'Update', 'Finish', 'Finish']
Data distribution: [(0, 41), (1, 31), (2, 20), (3, 36), (4, 34), (5, 37), (6, 28), (7, 22), (8, 29), (9, 22)]
Accuracy: [0.7333333333333333, 0.8, 0.8166666666666667, 0.84, 0.8633333333333333, 0.8566666666666667, 0.87, 0.9033333333333333, 0.93, 0.95, 0.87, 0.87]
Loss: [0.7366117596626282, 0.5719201028347015, 0.5247018992900848, 0.3929698050022125, 0.3949318826198578, 0.39550512433052065, 0.34987818002700805, 0.2836906164884567, 0.24136154353618622, 0.19748183637857436, 0.46514015197753905, 0.4581325829029083]
Training acc & loss: [[[1.6564017534255981, 0.5333333333333333], [1.1629109621047973, 0.6], [0.7431852221488953, 0.7333333333333333]], [[1.1111119270324707, 0.6466666666666666], [0.8006688475608825, 0.7266666666666667], [0.5785338163375855, 0.8]], [[0.7090923070907593, 0.7733333333333333], [0.5931949377059936, 0.7833333333333333], [0.5392103552818298, 0.8166666666666667]], [[0.6857738673686982, 0.73], [0.47031319737434385, 0.8466666666666667], [0.3953925907611847, 0.84]], [[0.7887666344642639, 0.7533333333333333], [0.4774778485298157, 0.8366666666666667], [0.3896139085292816, 0.8633333333333333]], [[0.7042336225509643, 0.78], [0.4902950465679169, 0.8333333333333334], [0.3914808392524719, 0.8566666666666667]], [[0.6514572024345398, 0.77], [0.44646441042423246, 0.8466666666666667], [0.3453222692012787, 0.87]], [[0.3999649703502655, 0.86], [0.3435128390789032, 0.8766666666666667], [0.27886666655540465, 0.9033333333333333]], [[0.5782740414142609, 0.82], [0.3687379002571106, 0.87], [0.23206882178783417, 0.93]], [[0.3291993498802185, 0.89], [0.3117074012756348, 0.8966666666666666], [0.20727556347846984, 0.95]]]

Information from Client_6:

Signals: ['Update', 'Update', 'Update', 'Update', 'Update', 'Update', 'Update', 'Update', 'Update', 'Update', 'Finish', 'Finish']
Data distribution: [(0, 29), (1, 25), (2, 31), (3, 34), (4, 32), (5, 33), (6, 32), (7, 31), (8, 23), (9, 30)]
Accuracy: [0.7066666666666667, 0.7566666666666667, 0.8, 0.81, 0.8566666666666667, 0.87, 0.8633333333333333, 0.8633333333333333, 0.9466666666666667, 0.8966666666666666, 0.8933333333333333, 0.8933333333333333]
Loss: [0.8927273511886596, 0.6472154676914215, 0.5357394754886627, 0.5052110314369201, 0.43396176099777223, 0.3664118230342865, 0.3742108762264252, 0.372642982006073, 0.23777595162391663, 0.27114480137825014, 0.4841431021690369, 0.47878341674804686]
Training acc & loss: [[[1.7875041007995605, 0.42333333333333334], [1.3854124784469604, 0.55], [0.9136665105819702, 0.7066666666666667]], [[1.1600489616394043, 0.69], [0.8825878620147705, 0.7166666666666667], [0.6293253123760223, 0.7566666666666667]], [[0.8700160503387451, 0.6733333333333333], [0.8172553539276123, 0.6933333333333334], [0.5402777194976807, 0.8]], [[0.8642871856689454, 0.6833333333333333], [0.6877553343772889, 0.7466666666666667], [0.5115205526351929, 0.81]], [[0.7326063275337219, 0.72], [0.5760474443435669, 0.7833333333333333], [0.4272246539592743, 0.8566666666666667]], [[0.521289449930191, 0.8], [0.44127503633499143, 0.8366666666666667], [0.3668693244457245, 0.87]], [[0.6397066712379456, 0.7633333333333333], [0.46640693545341494, 0.8266666666666667], [0.38523244857788086, 0.8633333333333333]], [[0.692206597328186, 0.75], [0.5579374372959137, 0.7833333333333333], [0.37326064705848694, 0.8633333333333333]], [[0.5617570281028748, 0.7933333333333333], [0.3280490070581436, 0.8833333333333333], [0.23411418497562408, 0.9466666666666667]], [[0.6771432757377625, 0.7633333333333333], [0.42338464260101316, 0.8533333333333334], [0.2807344913482666, 0.8966666666666666]]]

Information from Adv_Client_0_backdoor:

Signals: ['Update', 'Update', 'Update', 'Update', 'Update', 'Update', 'Update', 'Update', 'Update', 'Update', 'Finish', 'Finish']
Data distribution: [(0, 29), (1, 29), (2, 28), (3, 30), (4, 35), (5, 38), (6, 21), (7, 28), (8, 29), (9, 33)]
Accuracy: [0.39666666666666667, 0.5466666666666666, 0.5466666666666666, 0.5466666666666666, 0.58, 0.7, 0.75, 0.7033333333333334, 0.7666666666666667, 0.7266666666666667, 0.6033333333333334, 0.6033333333333334]
Loss: [1.6939081748326619, 1.4502789576848347, 1.3211342692375183, 1.2827219168345134, 1.2004538774490356, 1.0380424757798512, 0.9237544139226278, 0.9642245173454285, 0.9226738711198171, 0.8948077857494354, 1.5740182797114055, 1.5740182797114055]
Training acc & loss: [[[2.037629763285319, 0.5033333333333333], [1.9658810297648113, 0.34], [1.6939081748326619, 0.39666666666666667]], [[1.8614993294080098, 0.44], [1.7290356357892354, 0.43333333333333335], [1.4502789576848347, 0.5466666666666666]], [[2.053409437338511, 0.32], [1.5506893793741863, 0.57], [1.3211342692375183, 0.5466666666666666]], [[2.2392457326253257, 0.33], [1.4935432473818462, 0.5766666666666667], [1.2827219168345134, 0.5466666666666666]], [[2.012059430281321, 0.44666666666666666], [1.2897460460662842, 0.6666666666666666], [1.2004538774490356, 0.58]], [[1.848112682501475, 0.49], [1.2455809911092122, 0.62], [1.0380424757798512, 0.7]], [[1.75259530544281, 0.51], [1.2747988899548848, 0.5733333333333334], [0.9237544139226278, 0.75]], [[1.7629639705022175, 0.5466666666666666], [1.1765053073565166, 0.6], [0.9642245173454285, 0.7033333333333334]], [[1.8022660613059998, 0.5633333333333334], [1.1424447894096375, 0.6766666666666666], [0.9226738711198171, 0.7666666666666667]], [[1.5466517806053162, 0.5666666666666667], [1.021148939927419, 0.7033333333333334], [0.8948077857494354, 0.7266666666666667]]]
Training Acc Benign: []
Training Acc Poison: []

Information from Adv_Client_1_backdoor:

Signals: ['Update', 'Update', 'Update', 'Update', 'Update', 'Update', 'Update', 'Update', 'Update', 'Update', 'Finish', 'Finish']
Data distribution: [(0, 43), (1, 33), (2, 38), (3, 27), (4, 35), (5, 17), (6, 22), (7, 29), (8, 31), (9, 25)]
Accuracy: [0.4666666666666667, 0.5633333333333334, 0.5633333333333334, 0.6233333333333333, 0.6566666666666666, 0.6433333333333333, 0.7766666666666666, 0.7666666666666667, 0.75, 0.8133333333333334, 0.5766666666666667, 0.5766666666666667]
Loss: [1.7934072613716125, 1.4359824856122334, 1.2472292085488637, 1.118912140528361, 1.0964270333449047, 1.0582716663678486, 0.8762414952119192, 0.8369795878728231, 0.9024996956189474, 0.8042753438154856, 1.6252941091855366, 1.6252941091855366]
Training acc & loss: [[[2.1357047160466514, 0.4033333333333333], [2.0981365044911704, 0.2733333333333333], [1.7934072613716125, 0.4666666666666667]], [[1.9276511470476787, 0.22333333333333333], [1.7978179653485615, 0.36666666666666664], [1.4359824856122334, 0.5633333333333334]], [[1.6886027057965596, 0.4266666666666667], [1.4434810280799866, 0.59], [1.2472292085488637, 0.5633333333333334]], [[1.68705815076828, 0.5533333333333333], [1.3435860872268677, 0.6433333333333333], [1.118912140528361, 0.6233333333333333]], [[1.6633277932802837, 0.5833333333333334], [1.2760057250658672, 0.6566666666666666], [1.0964270333449047, 0.6566666666666666]], [[1.6806063850720723, 0.57], [1.2169607083002727, 0.69], [1.0582716663678486, 0.6433333333333333]], [[1.7171858549118042, 0.41], [1.1201051374276478, 0.68], [0.8762414952119192, 0.7766666666666666]], [[1.4993435343106587, 0.6033333333333334], [1.0296586751937866, 0.74], [0.8369795878728231, 0.7666666666666667]], [[1.3985144297281902, 0.65], [1.0223778287569683, 0.6766666666666666], [0.9024996956189474, 0.75]], [[1.3184493978818257, 0.7566666666666667], [0.9819552997748057, 0.71], [0.8042753438154856, 0.8133333333333334]]]
Training Acc Benign: []
Training Acc Poison: []

Information from Adv_Client_2_random_label:

Signals: ['Update', 'Update', 'Update', 'Update', 'Update', 'Update', 'Update', 'Update', 'Update', 'Update', 'Finish', 'Finish']
Data distribution: [(0, 37), (1, 42), (2, 38), (3, 27), (4, 31), (5, 21), (6, 28), (7, 22), (8, 27), (9, 27)]
Accuracy: [0.14333333333333334, 0.2, 0.25333333333333335, 0.19333333333333333, 0.20333333333333334, 0.25333333333333335, 0.2833333333333333, 0.28, 0.27666666666666667, 0.3, 0.10333333333333333, 0.10333333333333333]
Loss: [2.257754993438721, 2.152442789077759, 2.087280511856079, 2.097259759902954, 2.0919320583343506, 2.0682339668273926, 2.0340582609176634, 2.000792217254639, 1.9774441242218017, 1.9679766178131104, 4.043854713439941, 4.043854713439941]
Training acc & loss: [[[2.3002661228179933, 0.16333333333333333], [2.2956917762756346, 0.11666666666666667], [2.257754993438721, 0.14333333333333334]], [[2.2174798488616942, 0.15333333333333332], [2.1969847679138184, 0.15666666666666668], [2.152442789077759, 0.2]], [[2.250870943069458, 0.14666666666666667], [2.171423244476318, 0.16], [2.087280511856079, 0.25333333333333335]], [[2.2353474140167235, 0.14333333333333334], [2.136448097229004, 0.18333333333333332], [2.097259759902954, 0.19333333333333333]], [[2.2494188785552978, 0.16333333333333333], [2.117279386520386, 0.19], [2.0919320583343506, 0.20333333333333334]], [[2.229989242553711, 0.18], [2.0985910415649416, 0.25666666666666665], [2.0682339668273926, 0.25333333333333335]], [[2.1918100833892824, 0.20333333333333334], [2.076806926727295, 0.24666666666666667], [2.0340582609176634, 0.2833333333333333]], [[2.1788241386413576, 0.21333333333333335], [2.0612120628356934, 0.22333333333333333], [2.000792217254639, 0.28]], [[2.1664987087249754, 0.2], [2.045603561401367, 0.22666666666666666], [1.9774441242218017, 0.27666666666666667]], [[2.1766106128692626, 0.2], [2.0411930799484255, 0.23666666666666666], [1.9679766178131104, 0.3]]]
Training Acc Benign: []
Training Acc Poison: []

Information from Adv_Client_3_random_label:

Signals: ['Update', 'Update', 'Update', 'Update', 'Update', 'Update', 'Update', 'Update', 'Update', 'Update', 'Finish', 'Finish']
Data distribution: [(0, 33), (1, 38), (2, 31), (3, 33), (4, 14), (5, 30), (6, 30), (7, 34), (8, 33), (9, 24)]
Accuracy: [0.15, 0.18666666666666668, 0.20666666666666667, 0.18666666666666668, 0.19, 0.21666666666666667, 0.20666666666666667, 0.24333333333333335, 0.25, 0.2733333333333333, 0.1, 0.1]
Loss: [2.2622087955474854, 2.1315672397613525, 2.1357558250427244, 2.1200844764709474, 2.1153817653656004, 2.0959324836730957, 2.0878243923187254, 2.047878646850586, 2.049764537811279, 2.010770654678345, 4.144613981246948, 4.144613981246948]
Training acc & loss: [[[2.397014617919922, 0.13333333333333333], [2.2970723152160644, 0.15333333333333332], [2.2622087955474854, 0.15]], [[2.2000319004058837, 0.15666666666666668], [2.197716236114502, 0.16], [2.1315672397613525, 0.18666666666666668]], [[2.231894683837891, 0.17333333333333334], [2.201395273208618, 0.15], [2.1357558250427244, 0.20666666666666667]], [[2.2469234466552734, 0.15], [2.1450278759002686, 0.17666666666666667], [2.1200844764709474, 0.18666666666666668]], [[2.179791307449341, 0.17333333333333334], [2.1482495784759523, 0.17], [2.1153817653656004, 0.19]], [[2.197459888458252, 0.14666666666666667], [2.1493910789489745, 0.19333333333333333], [2.0959324836730957, 0.21666666666666667]], [[2.24477801322937, 0.14666666666666667], [2.1251173496246336, 0.19], [2.0878243923187254, 0.20666666666666667]], [[2.206875228881836, 0.15333333333333332], [2.1050535678863525, 0.21666666666666667], [2.047878646850586, 0.24333333333333335]], [[2.248144578933716, 0.15], [2.1047112941741943, 0.20333333333333334], [2.049764537811279, 0.25]], [[2.20622239112854, 0.17666666666666667], [2.0639787673950196, 0.23666666666666666], [2.010770654678345, 0.2733333333333333]]]
Training Acc Benign: []
Training Acc Poison: []

Duration: 1 minutes 47 seconds
